# Frame list with one line of data per frame:
#   FRAME_ID, RIG_ID, RIG_FROM_WORLD[QW, QX, QY, QZ, TX, TY, TZ], NUM_DATA_IDS, DATA_IDS[] as (SENSOR_TYPE, SENSOR_ID, DATA_ID)
# Number of frames: 52
1 1 0.895121946355241 -0.011472464148144963 -0.44151512190241315 -0.060741096887297286 2.3052970215417563 -0.58556668272411971 4.5870712818624506 1 CAMERA 1 1
2 1 0.89915346915383165 -0.01062198212200763 -0.43312211558778002 -0.06176929166822983 2.2570238859460763 -0.94175135822228728 6.7670535673832326 1 CAMERA 1 2
3 1 0.8964934211542569 -0.0083414057373836763 -0.43839945826505222 -0.063528590180872285 2.1912873962481312 -0.75836933750089897 5.295795214975664 1 CAMERA 1 3
4 1 0.89711189933547597 -0.0076957017923612739 -0.43701486187141575 -0.064412939291148025 2.2145552156197947 -0.83785627380715733 5.6766938344304227 1 CAMERA 1 4
5 1 0.89821754910809104 -0.0088216620146292293 -0.43479537180471328 -0.063877988468290903 2.2639481424960399 -0.85805799661392013 6.0470913749911679 1 CAMERA 1 5
6 1 0.89658355927192779 -0.0092226940959376745 -0.43835881564674556 -0.062405223352510274 2.2602663903039359 -0.70294393283049195 4.961953309844926 1 CAMERA 1 6
7 1 0.89898013142577493 -0.0086184150799098278 -0.43326350786007173 -0.063585996728782082 2.2611688600905433 -0.933362089021188 6.3466701008263042 1 CAMERA 1 7
8 1 0.8992484665279189 -0.0096003422484589665 -0.43281972891209253 -0.062666666900046603 2.2373896774321747 -0.94988951194430338 6.6027423022762539 1 CAMERA 1 8
9 1 0.89402151024846432 -0.0087988752562764613 -0.44340076933075856 -0.063591483424835407 2.4564877000206242 -0.41418579339957251 3.105945205004812 1 CAMERA 1 9
10 1 0.89529302272879463 -0.011432174197668895 -0.44113412126569473 -0.06099504817110641 2.355754186177168 -0.4954739279403037 3.854918203090417 1 CAMERA 1 10
11 1 0.89365748748765272 -0.0069136584886676919 -0.44408212442790079 -0.064183823095547335 2.4774816816326348 -0.38082609757651886 2.7419529245755254 1 CAMERA 1 11
12 1 0.89528923407611238 -0.011020641653096117 -0.4411751676601825 -0.060829304163143159 2.3436453314119987 -0.55599480844148264 4.2476589134459193 1 CAMERA 1 12
13 1 0.89490315093785744 -0.0099798849470383571 -0.44176045417176896 -0.062421578543726472 2.4011147782215803 -0.47998791823868209 3.475667010114186 1 CAMERA 1 13
14 1 0.89451382977462457 -0.0053499993031695236 -0.44246281604945636 -0.063584921663669622 2.4976723093139359 -0.30769707532342955 2.3333333208323799 1 CAMERA 1 14
15 1 0.89778762293265602 3.8589130047411959e-05 -0.43603715136044335 -0.062040190628979176 2.5886511520906899 -0.19132465833956619 1.5192995103033846 1 CAMERA 1 15
16 1 0.89543604357056328 -0.0018017468447410841 -0.44066810917041588 -0.063266603695586607 2.5413070505357713 -0.26944596239728796 1.9284314962601881 1 CAMERA 1 16
17 1 0.90104335732398821 0.0036624011423636339 -0.42932517325831354 -0.061541454702558326 2.5822804659126515 -0.14462523794781443 1.1201095905982303 1 CAMERA 1 17
18 1 0.90577440087866512 0.0059591323194542033 -0.41941065883980522 -0.060265435420770064 2.5473655246819566 -0.065384665797314043 0.70019510997518353 1 CAMERA 1 18
19 1 0.91739225849566342 0.0082155542623948263 -0.39371592961190899 -0.057547506377061998 2.4564898108370987 0.079947466897413846 -0.16968049888488401 1 CAMERA 1 19
20 1 0.9119444190086109 0.0078105402606235882 -0.40596393479044218 -0.059073308264783124 2.5308022465659925 -0.011768082229420024 0.24954135595254448 1 CAMERA 1 20
21 1 0.92938455834296596 0.014396755936787976 -0.36469222081766051 -0.055105899931219331 2.051422270771853 0.18896296512008395 -0.84111369131796676 1 CAMERA 1 21
22 1 0.94231185251541627 0.020250692202321948 -0.33041330225048093 -0.04965210740969396 1.479352927198528 0.29854101279890544 -1.4301725198102724 1 CAMERA 1 22
23 1 0.92313360308949621 0.01156124431315011 -0.38003915836625768 -0.057104523333993192 2.2975698913856082 0.12911894005641847 -0.5206891004004871 1 CAMERA 1 23
24 1 0.93609705523901277 0.016720742065788687 -0.34742776225095007 -0.052313191213264068 1.7944134665006162 0.23961473541009942 -1.1516200645534376 1 CAMERA 1 24
25 1 0.94901033329610429 0.024306811726747028 -0.31076267876326963 -0.047065100539303767 1.1138577564468364 0.33349526179588773 -1.6196787067306393 1 CAMERA 1 25
26 1 0.95793419731858453 0.028520068542626887 -0.28204913074442389 -0.044687438327096887 0.67697730726716265 0.37970793211845777 -1.7856169402526381 1 CAMERA 1 26
27 1 0.9671469738846612 0.03049581173266333 -0.24932434575876014 -0.039167677802938075 -0.085878840680721713 0.43230259989596614 -2.0280149936244771 1 CAMERA 1 27
28 1 0.9632704469537724 0.030661359296893443 -0.26344990105963029 -0.042000913123614168 0.28458968006596796 0.40193545668818642 -1.9347408452672101 1 CAMERA 1 28
29 1 0.97076826085324819 0.028799630406826388 -0.23547516687898176 -0.036483020594597369 -0.45283133893004229 0.42618001347859102 -2.0611643716291712 1 CAMERA 1 29
30 1 0.97943324320911229 0.02865937646346197 -0.19697807656952909 -0.032996963323528784 -1.2888812993770498 0.40659578278521524 -1.9281053193175632 1 CAMERA 1 30
31 1 0.97525614941196692 0.029800920700450765 -0.2162171018407042 -0.03517830341496251 -0.88558745610300993 0.41855434285754778 -2.0002067306996203 1 CAMERA 1 31
32 1 0.98295873449373439 0.027201347430530202 -0.17933799623933422 -0.029834478130183837 -1.6765279454374349 0.39560242133726425 -1.8914425676904045 1 CAMERA 1 32
33 1 0.98678553209135633 0.025300093136576534 -0.15803365289972551 -0.025289988011631421 -2.0535381496364695 0.3745780329664592 -1.7245119261308259 1 CAMERA 1 33
34 1 0.99131702330105875 0.02391810918752223 -0.12788732932480079 -0.019060807028874745 -2.4350454876962977 0.30475684515153489 -1.4281930401245151 1 CAMERA 1 34
35 1 0.99791690468210725 0.019133219081286845 -0.061567431562520154 0.0022853113713631273 -3.2067234681797419 0.089128467799620734 -0.68891510665026301 1 CAMERA 1 35
36 1 0.99375517909302791 0.022733276062613071 -0.10857175110394625 -0.012083751382240512 -2.7254347272597426 0.23136550633580327 -1.1789842656622285 1 CAMERA 1 36
37 1 0.99603313566525697 0.021571506729637334 -0.086202338278621837 -0.0046711486325402701 -2.9793421183015636 0.14058689018804998 -0.97466964956220248 1 CAMERA 1 37
38 1 0.99893432870764642 0.017205612541785768 -0.042162688567104173 0.0075154187680531526 -3.4110010757800118 -0.0067569753484669976 -0.41436674600223616 1 CAMERA 1 38
39 1 0.99942060469765792 0.014634417470151408 -0.028859485547995552 0.010555511592634351 -3.5392012923608505 -0.061085849601193197 -0.11887856191410237 1 CAMERA 1 39
40 1 0.9997415452067927 0.011722151670075382 -0.015525194734292879 0.011764449677760457 -3.5918599501885216 -0.11258154871248899 0.15047411147393971 1 CAMERA 1 40
41 1 0.99986734034736857 0.010891511607171118 -0.004000580640229773 0.011431186995733433 -3.6046387300083809 -0.14570142080228846 0.45511797015556016 1 CAMERA 1 41
42 1 0.99977580644313235 0.012472154873599419 0.012923437808165445 0.011214586885471079 -3.6115925521328314 -0.18632575723370204 0.80195268287746824 1 CAMERA 1 42
43 1 0.99964460720697712 0.0109280628463453 0.022237022371192589 0.0098362371107078485 -3.4748804353011478 -0.2712434557055185 1.3201671923313327 1 CAMERA 1 43
44 1 0.99969348661403024 0.012199681517325339 0.018787976048174435 0.010540993708986342 -3.569310287219059 -0.23481184908188379 1.0835751129357951 1 CAMERA 1 44
45 1 0.99952509404345469 0.0099732452103422579 0.027738213453932001 0.0089840008783139535 -3.3840592537534611 -0.30143532463394085 1.6059533814117808 1 CAMERA 1 45
46 1 0.99954415295675281 0.0084747267813372381 0.028049685331011098 0.0072718944423418707 -3.3226504911295844 -0.33935993130288344 1.8197509792500599 1 CAMERA 1 46
47 1 0.99961067319011154 0.006385314487677032 0.026651241895648759 0.0052384261687249238 -3.2585727764065218 -0.34071567809936887 2.0403455453254353 1 CAMERA 1 47
48 1 0.99969669884136036 0.0044179971459811698 0.023957596357805925 0.0036090447020112144 -3.1748709337430849 -0.35077944240372372 2.1652663629586835 1 CAMERA 1 48
49 1 0.9997287896620608 0.0035331595627468119 0.022794414451642004 0.0032060215442335882 -3.1267876096880207 -0.36882308583748852 2.3113567719688279 1 CAMERA 1 49
50 1 0.99965472103402475 0.0027261768823595616 0.025646115919905049 0.0050282613511215928 -3.0828148921825385 -0.44132820317080562 2.7301131727722505 1 CAMERA 1 50
51 1 0.9997312690127842 0.002963836223150617 0.022691021712891484 0.0037044522612381088 -3.1178677176300287 -0.4000117761503697 2.4988843882595626 1 CAMERA 1 51
52 1 0.9995594537519511 0.001926755299815372 0.028762013597798258 0.0070663005112915405 -3.0486031376025799 -0.4700577811783323 2.8857078822792941 1 CAMERA 1 52
